0.999992
0.001747
0.001702
0.001859
1.000000
1.000000
0.001696
0.001906
0.001905
0.003051
0.001661
0.001708
0.943525
0.001661
0.002583
0.001696
0.985176
0.926714
0.915279
0.002355
0.002885
0.062290
0.001696
0.001698
0.002038
0.001696
0.001696
0.001696
0.919291
0.001696
0.001989
0.001696
0.999992
0.006567
0.001661
0.001696
1.000000
0.001698
0.001700
0.001747
0.948280
0.002052
0.573440
0.001696
0.966238
0.001698
0.002038
0.001630
1.000000
0.001661
0.002052
0.002005
0.930648
0.001661
0.003390
0.001661
1.000000
1.000000
0.988152
0.001696
0.001696
0.001989
0.002038
0.002159
0.002038
0.001696
0.001704
0.001747
0.987700
0.001906
0.001630
0.002148
0.965549
0.002038
0.001905
0.002047
1.000000
0.001696
0.001696
0.002038
0.999974
0.990519
0.001990
0.004786
0.002038
0.002052
0.004615
0.001696
0.922176
1.000000
0.001630
0.002052
0.001661
0.001754
0.001970
0.001970
0.990493
0.001906
0.001698
0.001696
1.000000
0.001696
0.001970
0.001696
0.999586
0.001942
0.022644
0.001661
0.998528
1.000000
0.002005
0.001906
0.297699
0.001696
0.002896
0.002005
0.998618
0.001698
0.001989
0.001661
1.000000
0.001630
0.001905
0.000013
0.923739
0.001696
0.002973
0.002038
1.000000
0.999853
0.968150
0.967612
0.001630
0.002892
0.067772
0.001806
0.002917
0.002005
0.043679
0.004782
0.005788
0.002250
0.001696
0.001698
0.975483
0.915090
0.001708
0.001696
0.001696
0.002113
0.002138
0.002204
0.999884
0.001859
0.003648
0.001704
0.993876
0.002875
0.001700
0.001970
0.915090
0.001905
0.001661
0.001661
0.926007
0.001696
0.001696
0.003491
1.000000
1.000000
0.001696
0.001696
0.001661
0.001696
0.003628
0.003630
0.952155
0.002005
0.002159
0.001696
0.999998
1.000000
0.001696
0.249108
0.002008
0.002038
0.001696
0.004516
0.938017
0.990021
0.255099
0.004709
0.002038
0.001696
0.001696
0.001696
0.998282
0.001630
0.001696
0.001661
1.000000
0.938297
0.001661
0.001661
0.002047
0.001786
0.001598
0.001698
0.908998
0.899329
0.001696
0.002113
0.001696
0.002038
0.001864
0.001661
0.999998
0.001546
0.001630
0.003463
0.950072
0.001959
0.001696
0.004321
0.999400
0.002113
0.001661
0.002052
0.957043
0.013111
0.001696
0.001700
0.999995
0.001696
0.001696
0.001990
0.920679
0.919138
0.999904
0.001696
0.001906
0.002113
0.002005
0.002113
0.002038
0.001700
0.624423
0.001696
0.984679
0.001661
0.006895
0.001700
0.960131
0.934674
0.023615
0.004146
0.001698
0.001661
0.008437
0.001696
1.000000
0.001053
0.001796
0.002875
1.000000
0.002005
0.001700
0.000968
0.990289
0.001696
0.002152
0.002052
0.985481
0.001696
0.005861
0.001970
0.999996
1.000000
0.001696
0.001859
0.003418
0.001906
0.001698
0.001696
1.000000
0.001698
0.011139
0.001661
0.999999
1.000000
0.001661
0.001696
0.001696
0.001698
0.002005
0.001598
0.986943
0.978834
0.001698
0.002038
0.002113
0.001696
0.002038
0.001346
1.000000
1.000000
0.002143
0.005414
0.001661
0.002038
0.002038
0.087855
0.999889
0.002038
0.001696
0.003628
1.000000
0.001698
0.002038
0.002790
0.958429
0.001696
0.002462
0.006195
0.976641
0.001696
0.001700
0.001696
0.972815
0.001696
0.002038
0.001906
0.986669
0.002049
0.001562
0.002007
1.000000
0.002875
0.001864
0.001696
0.997062
0.999995
0.001630
0.001905
0.001696
0.001661
0.001696
0.001696
0.996666
0.013045
0.002240
0.001696
0.933461
0.001702
0.001698
0.001661
0.932089
1.000000
0.002005
0.001696
0.846354
0.002038
0.001696
0.002113
1.000000
1.000000
0.004188
0.001661
0.001630
0.001661
0.002823
0.001661
0.990729
0.001568
0.001700
0.002462
0.988562
0.001698
0.002047
0.005586
0.907636
0.001906
0.001696
0.002663
0.990375
0.001696
0.001661
0.003271
0.999952
0.001696
0.001700
0.003384
0.999981
0.001696
0.007657
0.001661
0.947443
0.001696
0.002255
0.001990
1.000000
1.000000
0.001696
0.001661
0.001698
0.001696
0.001696
0.039930
0.999995
0.001661
0.001696
0.001706
0.982732
0.001696
0.001702
0.001696
1.000000
0.001704
0.001864
0.211717
0.965275
0.999933
0.001696
0.001696
0.001696
0.001696
0.001661
0.017187
0.988901
1.000000
0.005122
0.001630
0.002878
0.002204
0.002038
0.002875
0.999988
0.002038
0.001942
0.005688
0.999991
0.001696
0.001665
0.001696
0.922256
0.002476
0.004881
0.002038
0.999862
0.001721
0.002038
0.001696
0.928703
0.921774
0.001696
0.001859
0.001696
0.004300
0.001698
0.001696
0.980456
0.001700
0.002999
0.002038
0.961195
0.917889
0.999990
0.002038
0.001696
0.002005
0.001696
0.001928
0.003669
0.001661
0.023956
0.001700
0.999646
0.017561
0.002038
0.001905
0.996536
1.000000
1.000000
0.999900
0.003458
0.002006
0.040099
0.008329
0.001696
0.018142
0.001698
0.073002
0.001942
0.002882
0.022563
0.220794
1.000000
0.999993
1.000000
1.000000
1.000000
0.988544
0.008256
0.001698
0.001696
0.001698
0.001696
0.001698
0.001700
0.001661
0.001630
0.004934
0.001746
0.001696
0.001696
0.003549
0.001696
0.001700
0.002038
0.002928
0.999746
0.001696
0.001700
0.001696
0.965421
0.001661
0.001696
0.002361
0.899160
0.001698
0.001661
0.001696
0.999995
0.001696
0.001696
0.001698
1.000000
1.000000
0.997121
0.007076
0.001661
0.002038
0.001696
0.004658
0.008199
0.001696
0.002038
0.004067
0.987988
0.928703
0.001696
0.001696
0.001696
0.001661
0.001598
0.001905
0.974544
0.001661
0.001990
0.001704
0.999993
0.001696
0.002135
0.001696
0.953401
0.006107
0.003989
0.001661
0.970086
0.001661
0.001696
0.002038
0.907433
0.001661
0.003880
0.001696
0.891436
0.002148
0.001696
0.001696
0.960179
0.003632
0.001906
0.001661
0.999978
0.879151
0.001696
0.001970
0.001989
0.001866
0.001696
0.001696
0.982670
0.003402
0.001747
0.001684
1.000000
0.001696
0.003135
0.001696
0.912873
0.003206
0.001696
0.001661
0.890238
0.001696
0.001696
0.200657
1.000000
0.005401
0.001696
0.001696
0.940343
0.001906
0.001746
0.002159
0.913391
0.928339
0.001905
0.001698
0.002270
0.008246
0.001700
0.001970
0.899160
0.002164
0.002038
0.001696
0.948142
0.928339
0.001696
0.001970
0.003454
0.002038
0.001661
0.001869
0.954140
0.001696
0.001661
0.002052
0.932348
0.001698
0.001696
0.001696
0.963858
0.001696
0.001905
0.001661
0.999965
0.001655
0.985716
0.934728
0.924277
0.001696
0.001661
0.001970
0.002973
0.002052
0.004337
0.001696
0.002110
0.003989
0.935097
0.961299
0.008332
0.001696
0.002038
0.001661
0.001970
0.030132
0.941332
0.001970
0.002847
0.003328
0.940376
0.001696
0.001696
0.002038
1.000000
0.001864
0.003398
0.002038
0.999382
0.001906
0.001696
0.001696
0.999985
0.001696
0.002172
0.001696
0.911976
0.001661
0.002087
0.002816
1.000000
0.002159
0.003757
0.001696
0.999994
0.001696
0.001700
0.199892
0.910366
0.001715
0.001696
0.001702
0.907433
1.000000
0.001700
0.001696
0.001696
0.001905
0.001696
0.001696
0.999912
0.001885
0.001630
0.002447
0.933393
1.000000
0.002113
0.001696
0.003508
0.003337
0.002763
0.200189
0.919291
0.001698
0.001704
0.001696
0.991391
0.001696
0.166155
0.004017
1.000000
0.001661
0.001696
0.001209
0.940227
0.001698
0.024694
0.001696
0.925395
0.001661
0.002367
0.030088
0.947770
0.001696
0.001661
0.002038
1.000000
0.002878
0.001661
0.002005
0.948161
0.976379
0.001696
0.001696
0.001894
0.001905
0.001696
0.001696
0.999999
0.001700
0.001696
0.001989
1.000000
0.005019
0.001696
0.001973
0.957073
0.001696
0.002005
0.001696
0.907433
0.001661
0.007504
0.001696
1.000000
0.001906
0.001696
0.001970
0.988647
0.937553
0.001698
0.001702
0.002005
0.002159
0.001696
0.001696
0.972259
0.001700
0.002038
0.002038
1.000000
0.001698
0.001698
0.001630
1.000000
0.001905
0.002816
0.327789
0.992001
0.001259
0.002865
0.001696
0.857528
0.001259
0.006470
0.001661
0.987663
0.001661
0.002563
0.001696
1.000000
0.001661
0.005472
0.001696
1.000000
0.001696
0.003328
0.001696
0.997059
0.001568
0.001698
0.001630
0.991379
0.001698
0.002113
0.001696
0.941504
0.899160
0.001696
0.002005
0.001696
0.001696
0.001864
0.001746
0.993052
1.000000
0.001661
0.001696
0.001661
0.001696
0.001696
0.001696
0.955633
0.001696
0.001661
0.001696
0.998410
0.940684
0.001702
0.001696
0.001876
0.001696
0.002138
0.001696
0.954380
0.002038
0.010190
0.001696
0.999999
0.002038
0.001696
0.002135
0.927255
0.001696
0.007959
0.001696
1.000000
0.001630
0.001864
0.001864
0.962251
1.000000
0.001696
0.002724
0.001700
0.001598
0.001696
0.001661
1.000000
0.001696
0.002187
0.002038
1.000000
0.013268
0.001630
0.001747
1.000000
0.003818
0.001661
0.002038
0.999998
0.001864
0.001905
0.000805
1.000000
0.001696
0.001700
0.001698
0.967078
0.001696
0.001696
0.002113
0.992075
0.001630
0.001859
0.002892
1.000000
0.002159
0.001906
0.001970
